
state={
	id=683
	name="STATE_683"
	resources={
		aluminium=7.000
	}
	impassable = yes

	history={
		owner = CAN
		buildings = {
			infrastructure = 0

		}
		add_core_of = CAN
		add_core_of = MAT

	}

	provinces={
		2947 10721 13188 13190 13272 13273 13278 13279 13280 13281 13298 13282 13283 13284 13285 13286 13287 13289 13290 14000 14001 14002 14003 14004 14005 14006 14007 14008 14009 14010 14011 14069 14070 14071 14072 14073 14012 14013 14014 14015 14016 14017 14018 14019 14020 14021 14022 14023 14024 14025 14026 14027 14028 14029 14030 14031 14032 14033 14034 14035 14036 14037 14038 14039 14040 14041 14042 14043 14044 14045 14046 14047 14048 14049 14050 14051 14052 14053 14054 14055 14056 14057 14058 14059 14060 14061 14062 14063
	}
	manpower=4009
	buildings_max_level_factor=1.000
	state_category=wasteland
}
